-175.23	-1673.46	100
-29.20	-744.43	100
-157.03	-815.57	100
-1061.11	-840.54	100
-818.29	-1142.27	100
81.35	-790.24	100
-1164.70	-316.77	100
-498.98	-506.33	100
420.84	-811.08	100
-462.81	-236.35	100
13.79	-110.97	100
-333.40	503.6	100
-1038.57	-1128.36	100
-389.05	-482.4	100
-398.00	-462	100
-400.00	-3664	100
2600	1532	100
-3400.00	1532	100
261.11	-796.92	100
-289.35	-586.93	100
-521.31	-754.67	100
-921.82	-997.62	100
-531.75	-850.72	100
131.12	-1208.83	100
-686.24	-590.28	100
-182.24	-365.11	100
804.1	-1273.32	100
-449.77	-15.03	100
-425.68	181.9	100
-1495.47	-1416.06	100
-207.15	-956.31	100
-434.00	-510	100
-425.00	-475	100
1796	-1468	100
-400.00	2336	100
-2596.00	-1468	100

