-1766.89978 -962.60040 6033.30945 
-1765.11994 -962.25737 6033.30945 
-1760.16875 -959.90570 6033.30945 
-1753.17608 -953.78072 6033.30945 
-1745.91035 -942.58701 6033.30945 
-1740.61451 -925.68790 6033.30945 
-1739.79247 -903.24366 6033.30945 
-1745.96029 -876.28665 6033.30945 
-1761.37998 -846.72543 6033.30945 
-1787.79453 -817.27426 6033.30945 
-1826.18411 -791.30960 6033.30945 
-1876.56206 -772.65978 6033.30945 
-1766.89978 -962.60040 6033.30945 
-1768.08678 -961.23053 6033.30945 
-1772.59898 -958.11850 6033.30945 
-1781.39971 -955.12517 6033.30945 
-1794.72661 -954.42971 6033.30945 
-1812.00958 -958.29294 6033.30945 
-1831.85789 -968.80315 6033.30945 
-1852.11943 -987.62315 6033.30945 
-1870.01036 -1015.75760 6033.30945 
-1882.30854 -1053.35885 6033.30945 
-1885.59981 -1099.58753 6033.30945 
-1876.56206 -1152.54103 6033.30945 
-1766.89978 -962.60040 6033.30945 
-1767.49263 -964.31331 6033.30945 
-1767.93162 -969.77700 6033.30945 
-1766.12356 -978.89532 6033.30945 
-1760.06240 -990.78449 6033.30945 
-1748.07526 -1003.82037 6033.30945 
-1729.04899 -1015.75440 6033.30945 
-1702.61963 -1023.89141 6033.30945 
-1669.30902 -1025.31818 6033.30945 
-1630.59628 -1017.16809 6033.30945 
-1588.91544 -996.90407 6033.30945 
-1547.57524 -962.60040 6033.30945 
