-1481.51206 -686.76545 6146.51674 
-1479.73221 -686.42242 6146.51674 
-1474.78102 -684.07075 6146.51674 
-1467.78836 -677.94577 6146.51674 
-1460.52262 -666.75206 6146.51674 
-1455.22679 -649.85296 6146.51674 
-1454.40474 -627.40871 6146.51674 
-1460.57257 -600.45170 6146.51674 
-1475.99225 -570.89048 6146.51674 
-1502.40680 -541.43932 6146.51674 
-1540.79638 -515.47465 6146.51674 
-1591.17433 -496.82483 6146.51674 
-1481.51206 -686.76545 6146.51674 
-1482.69906 -685.39558 6146.51674 
-1487.21126 -682.28356 6146.51674 
-1496.01198 -679.29022 6146.51674 
-1509.33888 -678.59476 6146.51674 
-1526.62186 -682.45799 6146.51674 
-1546.47017 -692.96820 6146.51674 
-1566.73171 -711.78820 6146.51674 
-1584.62263 -739.92265 6146.51674 
-1596.92081 -777.52390 6146.51674 
-1600.21208 -823.75259 6146.51674 
-1591.17433 -876.70608 6146.51674 
-1481.51206 -686.76545 6146.51674 
-1482.10490 -688.47836 6146.51674 
-1482.54390 -693.94205 6146.51674 
-1480.73584 -703.06037 6146.51674 
-1474.67467 -714.94954 6146.51674 
-1462.68753 -727.98542 6146.51674 
-1443.66127 -739.91945 6146.51674 
-1417.23190 -748.05646 6146.51674 
-1383.92129 -749.48323 6146.51674 
-1345.20856 -741.33315 6146.51674 
-1303.52771 -721.06913 6146.51674 
-1262.18752 -686.76545 6146.51674 
