-1782.29004 -917.30699 6035.74933 
-1780.51020 -916.96395 6035.74933 
-1775.55901 -914.61229 6035.74933 
-1768.56634 -908.48730 6035.74933 
-1761.30060 -897.29360 6035.74933 
-1756.00477 -880.39449 6035.74933 
-1755.18273 -857.95024 6035.74933 
-1761.35055 -830.99324 6035.74933 
-1776.77024 -801.43202 6035.74933 
-1803.18479 -771.98085 6035.74933 
-1841.57437 -746.01619 6035.74933 
-1891.95232 -727.36636 6035.74933 
-1782.29004 -917.30699 6035.74933 
-1783.47704 -915.93712 6035.74933 
-1787.98924 -912.82509 6035.74933 
-1796.78997 -909.83176 6035.74933 
-1810.11687 -909.13630 6035.74933 
-1827.39984 -912.99953 6035.74933 
-1847.24815 -923.50974 6035.74933 
-1867.50969 -942.32974 6035.74933 
-1885.40062 -970.46419 6035.74933 
-1897.69880 -1008.06544 6035.74933 
-1900.99007 -1054.29412 6035.74933 
-1891.95232 -1107.24762 6035.74933 
-1782.29004 -917.30699 6035.74933 
-1782.88289 -919.01990 6035.74933 
-1783.32188 -924.48359 6035.74933 
-1781.51382 -933.60191 6035.74933 
-1775.45266 -945.49107 6035.74933 
-1763.46552 -958.52695 6035.74933 
-1744.43925 -970.46099 6035.74933 
-1718.00989 -978.59800 6035.74933 
-1684.69928 -980.02477 6035.74933 
-1645.98654 -971.87468 6035.74933 
-1604.30570 -951.61066 6035.74933 
-1562.96550 -917.30699 6035.74933 
