-1668.55721 5506.83853 2744.93497 
-1666.77736 5507.18156 2744.93497 
-1661.82617 5509.53323 2744.93497 
-1654.83351 5515.65821 2744.93497 
-1647.56777 5526.85192 2744.93497 
-1642.27194 5543.75103 2744.93497 
-1641.44989 5566.19527 2744.93497 
-1647.61772 5593.15228 2744.93497 
-1663.03740 5622.71350 2744.93497 
-1689.45195 5652.16467 2744.93497 
-1727.84153 5678.12933 2744.93497 
-1778.21948 5696.77915 2744.93497 
-1668.55721 5506.83853 2744.93497 
-1669.74421 5508.20840 2744.93497 
-1674.25640 5511.32043 2744.93497 
-1683.05713 5514.31376 2744.93497 
-1696.38403 5515.00922 2744.93497 
-1713.66701 5511.14599 2744.93497 
-1733.51532 5500.63578 2744.93497 
-1753.77686 5481.81578 2744.93497 
-1771.66778 5453.68133 2744.93497 
-1783.96596 5416.08008 2744.93497 
-1787.25723 5369.85140 2744.93497 
-1778.21948 5316.89790 2744.93497 
-1668.55721 5506.83853 2744.93497 
-1669.15005 5505.12562 2744.93497 
-1669.58905 5499.66193 2744.93497 
-1667.78098 5490.54361 2744.93497 
-1661.71982 5478.65444 2744.93497 
-1649.73268 5465.61856 2744.93497 
-1630.70642 5453.68453 2744.93497 
-1604.27705 5445.54752 2744.93497 
-1570.96644 5444.12075 2744.93497 
-1532.25371 5452.27084 2744.93497 
-1490.57286 5472.53486 2744.93497 
-1449.23266 5506.83853 2744.93497 
