-1651.74071 -897.60274 6075.82923 
-1649.96087 -897.25970 6075.82923 
-1645.00967 -894.90804 6075.82923 
-1638.01701 -888.78305 6075.82923 
-1630.75127 -877.58935 6075.82923 
-1625.45544 -860.69024 6075.82923 
-1624.63339 -838.24599 6075.82923 
-1630.80122 -811.28898 6075.82923 
-1646.22091 -781.72776 6075.82923 
-1672.63546 -752.27660 6075.82923 
-1711.02504 -726.31193 6075.82923 
-1761.40298 -707.66211 6075.82923 
-1651.74071 -897.60274 6075.82923 
-1652.92771 -896.23286 6075.82923 
-1657.43991 -893.12084 6075.82923 
-1666.24064 -890.12751 6075.82923 
-1679.56754 -889.43204 6075.82923 
-1696.85051 -893.29527 6075.82923 
-1716.69882 -903.80548 6075.82923 
-1736.96036 -922.62548 6075.82923 
-1754.85129 -950.75993 6075.82923 
-1767.14947 -988.36119 6075.82923 
-1770.44074 -1034.58987 6075.82923 
-1761.40298 -1087.54336 6075.82923 
-1651.74071 -897.60274 6075.82923 
-1652.33355 -899.31564 6075.82923 
-1652.77255 -904.77934 6075.82923 
-1650.96449 -913.89765 6075.82923 
-1644.90333 -925.78682 6075.82923 
-1632.91619 -938.82270 6075.82923 
-1613.88992 -950.75674 6075.82923 
-1587.46055 -958.89374 6075.82923 
-1554.14994 -960.32051 6075.82923 
-1515.43721 -952.17043 6075.82923 
-1473.75636 -931.90641 6075.82923 
-1432.41617 -897.60274 6075.82923 
