316026.06081 4419742.11742 4572958.21234 
316046.06081 4419742.11742 4572958.21234 
316066.06081 4419742.11742 4572958.21234 
316086.06081 4419742.11742 4572958.21234 
316106.06081 4419742.11742 4572958.21234 
316126.06081 4419742.11742 4572958.21234 
316146.06081 4419742.11742 4572958.21234 
316166.06081 4419742.11742 4572958.21234 
316186.06081 4419742.11742 4572958.21234 
316206.06081 4419742.11742 4572958.21234 
316226.06081 4419742.11742 4572958.21234 
316246.06081 4419742.11742 4572958.21234 
316266.06081 4419742.11742 4572958.21234 
316286.06081 4419742.11742 4572958.21234 
316306.06081 4419742.11742 4572958.21234 
316326.06081 4419742.11742 4572958.21234 
316346.06081 4419742.11742 4572958.21234 
316366.06081 4419742.11742 4572958.21234 
316386.06081 4419742.11742 4572958.21234 
316406.06081 4419742.11742 4572958.21234 
316426.06081 4419742.11742 4572958.21234 
316446.06081 4419742.11742 4572958.21234 
316466.06081 4419742.11742 4572958.21234 
316256.06081 4419742.11742 4572958.21234 
316256.06081 4419762.11742 4572958.21234 
316256.06081 4419782.11742 4572958.21234 
316256.06081 4419802.11742 4572958.21234 
316256.06081 4419822.11742 4572958.21234 
316256.06081 4419842.11742 4572958.21234 
316256.06081 4419862.11742 4572958.21234 
316256.06081 4419882.11742 4572958.21234 
316256.06081 4419902.11742 4572958.21234 
316256.06081 4419922.11742 4572958.21234 
316256.06081 4419942.11742 4572958.21234 
316256.06081 4419962.11742 4572958.21234 
316256.06081 4419982.11742 4572958.21234 
316256.06081 4420002.11742 4572958.21234 
316256.06081 4420022.11742 4572958.21234 
316256.06081 4420042.11742 4572958.21234 
316256.06081 4420062.11742 4572958.21234 
316256.06081 4420082.11742 4572958.21234 
316256.06081 4420102.11742 4572958.21234 
316256.06081 4420122.11742 4572958.21234 
316256.06081 4420142.11742 4572958.21234 
316256.06081 4420162.11742 4572958.21234 
316256.06081 4420182.11742 4572958.21234
