316256.06081 4419742.11742 4572958.21234 
316260.48683 4419742.78454 4572958.21234 
316273.16943 4419747.39473 4572958.21234 
316292.35553 4419759.59604 4572958.21234 
316315.23287 4419782.46025 4572958.21234 
316338.08952 4419818.22894 4572958.21234 
316356.52771 4419868.09893 4572958.21234 
316365.72308 4419932.05805 4572958.21234 
316360.71812 4420008.77990 4572958.21234 
316336.73731 4420095.58426 4572958.21234 
316289.51008 4420188.46695 4572958.21234 
316215.58719 4420282.20035 4572958.21234 
316112.63592 4420370.50291 4572958.21234 
315979.70010 4420446.27303 4572958.21234 
315817.41172 4420501.87992 4572958.21234 
316256.06081 4419742.11742 4572958.21234 
316253.27006 4419745.61691 4572958.21234 
316242.93621 4419754.29527 4572958.21234 
316222.77652 4419764.81026 4572958.21234 
316191.53686 4419773.19052 4572958.21234 
316149.13195 4419775.10061 4572958.21234 
316096.72417 4419766.13356 4572958.21234 
316036.73627 4419742.11742 4572958.21234 
315972.79567 4419699.42207 4572958.21234 
315909.61130 4419635.25190 4572958.21234 
315852.78615 4419547.91058 4572958.21234 
315808.57209 4419437.02478 4572958.21234 
315783.57545 4419303.71508 4572958.21234 
315784.42452 4419150.70423 4572958.21234 
315817.41172 4418982.35492 4572958.21234 
316256.06081 4419742.11742 4572958.21234 
316254.42554 4419737.95082 4572958.21234 
316252.07678 4419724.66227 4572958.21234 
316253.05037 4419701.94597 4572958.21234 
316261.41269 4419670.70150 4572958.21234 
316280.96096 4419633.02272 4572958.21234 
316314.93054 4419592.11978 4572958.21234 
316365.72308 4419552.17680 4572958.21234 
316434.66863 4419518.15030 4572958.21234 
316521.83382 4419495.51611 4572958.21234 
316625.88620 4419489.97474 4572958.21234 
316744.02315 4419507.12714 4572958.21234 
316871.97105 4419552.13427 4572958.21234 
317004.05780 4419629.37502 4572958.21234 
317133.35898 4419742.11742 4572958.21234
