316276.06081 4419742.11742 4572958.21234 
316274.53840 4419749.77109 4572958.21234 
316270.20294 4419756.25956 4572958.21234 
316263.71448 4419760.59501 4572958.21234 
316256.06081 4419762.11742 4572958.21234 
316248.40714 4419760.59501 4572958.21234 
316241.91867 4419756.25956 4572958.21234 
316237.58322 4419749.77109 4572958.21234 
316236.06081 4419742.11742 4572958.21234 
316237.58322 4419734.46375 4572958.21234 
316241.91867 4419727.97529 4572958.21234 
316248.40714 4419723.63983 4572958.21234 
316256.06081 4419722.11742 4572958.21234 
316263.71448 4419723.63983 4572958.21234 
316270.20294 4419727.97529 4572958.21234 
316274.53840 4419734.46375 4572958.21234 
