316256.06081 4419742.11742 4572958.21234 
316256.06081 4419762.11742 4572958.21234 
316256.06081 4419782.11742 4572958.21234 
316256.06081 4419802.11742 4572958.21234 
316276.06081 4419742.11742 4572958.21234 
316276.06081 4419762.11742 4572958.21234 
316276.06081 4419782.11742 4572958.21234 
316276.06081 4419802.11742 4572958.21234 
316296.06081 4419742.11742 4572958.21234 
316296.06081 4419762.11742 4572958.21234 
316296.06081 4419782.11742 4572958.21234 
316296.06081 4419802.11742 4572958.21234 
316316.06081 4419742.11742 4572958.21234 
316316.06081 4419762.11742 4572958.21234 
316316.06081 4419782.11742 4572958.21234 
316316.06081 4419802.11742 4572958.21234 
