316256.06081 4419742.11742 4572958.21234
316256.06081 4419762.11742 4572958.21234
316256.06081 4419782.11742 4572958.21234
316256.06081 4419802.11742 4572958.21234
316276.06081 4419742.11742 4572958.21234
316276.06081 4419762.11742 4572958.21234
316276.06081 4419782.11742 4572958.21234
316276.06081 4419802.11742 4572958.21234
316296.06081 4419742.11742 4572958.21234
316296.06081 4419762.11742 4572958.21234
316296.06081 4419782.11742 4572958.21234
316296.06081 4419802.11742 4572958.21234
316316.06081 4419742.11742 4572958.21234
316316.06081 4419762.11742 4572958.21234
316316.06081 4419782.11742 4572958.21234
316316.06081 4419802.11742 4572958.21234
316356.06081  4419742.11742   4572958.21234
316453.598478119  4419773.404313008   4572958.21234
316636.4834165181  4419865.72421775   4572958.21234
316790.664724513  4420014.511719843   4572958.21234
316903.2744055  4420212.345621834   4572958.21234
316963.16759118653  4420449.224201187   4572958.21234
316961.40311275097  4420712.93781325   4572958.21234
316891.64750963537  4420989.526553864   4572958.21234
316750.4880009999  4421263.807846072   4572958.21234
316537.6428470724  4421519.956433071   4572958.21234
316206.06081  4419828.7199603785   4572958.21234
316130.19673179  4419897.546612292   4572958.21234
315958.80287980905  4420009.769662543   4572958.21234
315752.85846923274  4420068.900841009   4572958.21234
315525.2244438859  4420067.506734461   4572958.21234
315290.13498371094  4420000.936465102   4572958.21234
315062.63453555806  4419867.5515759215   4572958.21234
314857.9794613436  4419815.38775874   4572958.21234
314691.0246488259  4419715.776125308   4572958.21234
314575.616042305  4419515.179729181   4572958.21234
316206.06081  4419655.514879622   4572958.21234
316184.38722009095  4419555.4013347   4572958.21234
316172.8961336729  4419350.858379707   4572958.21234
316224.6592362542  4419142.939699147   4572958.21234
316339.6835806141  4418946.499903705   4572958.21234
316514.8798551025  4418776.191593711   4572958.21234
316744.14478169096  4418645.862870829   4572958.21234
317018.555459021  4418567.978624877   4572958.21234
317326.66978017415  4418553.085699236   4572958.21234
317654.9235406225  4418609.340716111   4572958.21234
