421764.46596 433416.10934 6328482.52891 
421764.46596 433456.10934 6328482.52891 
421764.46596 433496.10934 6328482.52891 
421764.46596 433536.10934 6328482.52891 
421764.46596 433576.10934 6328482.52891 
421764.46596 433616.10934 6328482.52891 
421764.46596 433656.10934 6328482.52891 
421764.46596 433696.10934 6328482.52891 
421764.46596 433736.10934 6328482.52891 
421764.46596 433776.10934 6328482.52891 
421764.46596 433816.10934 6328482.52891 
421764.46596 433856.10934 6328482.52891 
421804.46596 433416.10934 6328482.52891 
421804.46596 433456.10934 6328482.52891 
421804.46596 433496.10934 6328482.52891 
421804.46596 433536.10934 6328482.52891 
421804.46596 433576.10934 6328482.52891 
421804.46596 433616.10934 6328482.52891 
421804.46596 433656.10934 6328482.52891 
421804.46596 433696.10934 6328482.52891 
421804.46596 433736.10934 6328482.52891 
421804.46596 433776.10934 6328482.52891 
421804.46596 433816.10934 6328482.52891 
421804.46596 433856.10934 6328482.52891 
421844.46596 433416.10934 6328482.52891 
421844.46596 433456.10934 6328482.52891 
421844.46596 433496.10934 6328482.52891 
421844.46596 433536.10934 6328482.52891 
421844.46596 433576.10934 6328482.52891 
421844.46596 433616.10934 6328482.52891 
421844.46596 433656.10934 6328482.52891 
421844.46596 433696.10934 6328482.52891 
421844.46596 433736.10934 6328482.52891 
421844.46596 433776.10934 6328482.52891 
421844.46596 433816.10934 6328482.52891 
421844.46596 433856.10934 6328482.52891 
421884.46596 433416.10934 6328482.52891 
421884.46596 433456.10934 6328482.52891 
421884.46596 433496.10934 6328482.52891 
421884.46596 433536.10934 6328482.52891 
421884.46596 433576.10934 6328482.52891 
421884.46596 433616.10934 6328482.52891 
421884.46596 433656.10934 6328482.52891 
421884.46596 433696.10934 6328482.52891 
421884.46596 433736.10934 6328482.52891 
421884.46596 433776.10934 6328482.52891 
421884.46596 433816.10934 6328482.52891 
421884.46596 433856.10934 6328482.52891 
421924.46596 433416.10934 6328482.52891 
421924.46596 433456.10934 6328482.52891 
421924.46596 433496.10934 6328482.52891 
421924.46596 433536.10934 6328482.52891 
421924.46596 433576.10934 6328482.52891 
421924.46596 433616.10934 6328482.52891 
421924.46596 433656.10934 6328482.52891 
421924.46596 433696.10934 6328482.52891 
421924.46596 433736.10934 6328482.52891 
421924.46596 433776.10934 6328482.52891 
421924.46596 433816.10934 6328482.52891 
421924.46596 433856.10934 6328482.52891 
421964.46596 433416.10934 6328482.52891 
421964.46596 433456.10934 6328482.52891 
421964.46596 433496.10934 6328482.52891 
421964.46596 433536.10934 6328482.52891 
421964.46596 433576.10934 6328482.52891 
421964.46596 433616.10934 6328482.52891 
421964.46596 433656.10934 6328482.52891 
421964.46596 433696.10934 6328482.52891 
421964.46596 433736.10934 6328482.52891 
421964.46596 433776.10934 6328482.52891 
421964.46596 433816.10934 6328482.52891 
421964.46596 433856.10934 6328482.52891 
422004.46596 433416.10934 6328482.52891 
422004.46596 433456.10934 6328482.52891 
422004.46596 433496.10934 6328482.52891 
422004.46596 433536.10934 6328482.52891 
422004.46596 433576.10934 6328482.52891 
422004.46596 433616.10934 6328482.52891 
422004.46596 433656.10934 6328482.52891 
422004.46596 433696.10934 6328482.52891 
422004.46596 433736.10934 6328482.52891 
422004.46596 433776.10934 6328482.52891 
422004.46596 433816.10934 6328482.52891 
422004.46596 433856.10934 6328482.52891 
422044.46596 433416.10934 6328482.52891 
422044.46596 433456.10934 6328482.52891 
422044.46596 433496.10934 6328482.52891 
422044.46596 433536.10934 6328482.52891 
422044.46596 433576.10934 6328482.52891 
422044.46596 433616.10934 6328482.52891 
422044.46596 433656.10934 6328482.52891 
422044.46596 433696.10934 6328482.52891 
422044.46596 433736.10934 6328482.52891 
422044.46596 433776.10934 6328482.52891 
422044.46596 433816.10934 6328482.52891 
422044.46596 433856.10934 6328482.52891 
422084.46596 433416.10934 6328482.52891 
422084.46596 433456.10934 6328482.52891 
422084.46596 433496.10934 6328482.52891 
422084.46596 433536.10934 6328482.52891 
422084.46596 433576.10934 6328482.52891 
422084.46596 433616.10934 6328482.52891 
422084.46596 433656.10934 6328482.52891 
422084.46596 433696.10934 6328482.52891 
422084.46596 433736.10934 6328482.52891 
422084.46596 433776.10934 6328482.52891 
422084.46596 433816.10934 6328482.52891 
422084.46596 433856.10934 6328482.52891 
422124.46596 433416.10934 6328482.52891 
422124.46596 433456.10934 6328482.52891 
422124.46596 433496.10934 6328482.52891 
422124.46596 433536.10934 6328482.52891 
422124.46596 433576.10934 6328482.52891 
422124.46596 433616.10934 6328482.52891 
422124.46596 433656.10934 6328482.52891 
422124.46596 433696.10934 6328482.52891 
422124.46596 433736.10934 6328482.52891 
422124.46596 433776.10934 6328482.52891 
422124.46596 433816.10934 6328482.52891 
422124.46596 433856.10934 6328482.52891 
422164.46596 433416.10934 6328482.52891 
422164.46596 433456.10934 6328482.52891 
422164.46596 433496.10934 6328482.52891 
422164.46596 433536.10934 6328482.52891 
422164.46596 433576.10934 6328482.52891 
422164.46596 433616.10934 6328482.52891 
422164.46596 433656.10934 6328482.52891 
422164.46596 433696.10934 6328482.52891 
422164.46596 433736.10934 6328482.52891 
422164.46596 433776.10934 6328482.52891 
422164.46596 433816.10934 6328482.52891 
422164.46596 433856.10934 6328482.52891 
422204.46596 433416.10934 6328482.52891 
422204.46596 433456.10934 6328482.52891 
422204.46596 433496.10934 6328482.52891 
422204.46596 433536.10934 6328482.52891 
422204.46596 433576.10934 6328482.52891 
422204.46596 433616.10934 6328482.52891 
422204.46596 433656.10934 6328482.52891 
422204.46596 433696.10934 6328482.52891 
422204.46596 433736.10934 6328482.52891 
422204.46596 433776.10934 6328482.52891 
422204.46596 433816.10934 6328482.52891 
422204.46596 433856.10934 6328482.52891 
422403.67665 433681.22554 6328482.528906228 
422601.80313 433712.57432 6328482.528906228 
422798.15772 433756.37592 6328482.528906228 
422992.15430 433812.54380 6328482.528906228 
423183.21066 433880.96691 6328482.528906228 
423370.74942 433961.50987 6328482.528906228 
423554.19901 434054.01316 6328482.528906228 
423732.99459 434158.29333 6328482.528906228 
423906.57899 434274.14332 6328482.528906228 
424074.40365 434401.33276 6328482.528906228 
424235.92952 434539.60826 6328482.528906228 
424390.62798 434688.69385 6328482.528906228 
424537.98170 434848.29135 6328482.528906228 
424677.48553 435018.08083 6328482.528906228 
424808.64733 435197.72109 6328482.528906228 
424930.98885 435386.85015 6328482.528906228 
425044.04649 435585.08580 6328482.528906228 
425147.37214 435792.02617 6328482.528906228 
425240.53393 436007.25034 6328482.528906228 
421656.89725 434145.18601 6328482.528906228
421520.78666 434293.33327 6328482.528906228 
421375.14556 434433.25530 6328482.528906228 
421220.36123 434564.50340 6328482.528906228 
421056.83960 434686.64526 6328482.528906228 
420885.00461 434799.26562 6328482.528906228 
420705.29754 434901.96705 6328482.528906228 
420518.17630 434994.37055 6328482.528906228 
420324.11469 435076.11625 6328482.528906228 
420123.60166 435146.86401 6328482.528906228 
419917.14052 435206.29401 6328482.528906228 
419705.24817 435254.10733 6328482.528906228 
419488.45425 435290.02644 6328482.528906228 
419267.30032 435313.79577 6328482.528906228 
419042.33900 435325.18210 6328482.528906228 
418814.13307 435323.97506 6328482.528906228 
418583.25462 435309.98751 6328482.528906228 
418350.28412 435283.05591 6328482.528906228 
418115.80950 435243.04064 6328482.528906228 
421754.69748 433110.56767 6328482.528906228
421694.45349 432918.61881 6328482.528906228 
421646.09801 432722.52891 6328482.528906228 
421609.82598 432522.85769 6328482.528906228 
421585.80885 432320.17288 6328482.528906228 
421574.19424 432115.04923 6328482.528906228 
421575.10573 431908.06763 6328482.528906228
421588.64257 431699.81413 6328482.528906228 
421614.87953 431490.87900 6328482.528906228 
421653.86669 431281.85574 6328482.528906228 
421705.62936 431073.34015 6328482.528906228 
421755.62936 430881.34015 6328482.528906228
421805.62936 430673.34015 6328482.528906228
421905.62936 430473.34015 6328482.528906228
422075.62936 430238.34015 6328482.528906228
422177.62936 430049.34015 6328482.528906228
422282.77110 429866.31432 6328482.528906228
422422.57981 429678.02175 6328482.528906228 
422574.47136 429494.96841 6328482.528906228 
