380788.10803 4432377.73451 4555198.28719 
380786.58562 4432385.38818 4555198.28719 
380782.25017 4432391.87664 4555198.28719 
380775.76170 4432396.21210 4555198.28719 
380768.10803 4432397.73451 4555198.28719 
380760.45436 4432396.21210 4555198.28719 
380753.96589 4432391.87664 4555198.28719 
380749.63044 4432385.38818 4555198.28719 
380748.10803 4432377.73451 4555198.28719 
380749.63044 4432370.08084 4555198.28719 
380753.96589 4432363.59237 4555198.28719 
380760.45436 4432359.25692 4555198.28719 
380768.10803 4432357.73451 4555198.28719 
380775.76170 4432359.25692 4555198.28719 
380782.25017 4432363.59237 4555198.28719 
380786.58562 4432370.08084 4555198.28719
