380688.10803 4432377.73451 4555198.28719 
380708.10803 4432377.73451 4555198.28719 
380728.10803 4432377.73451 4555198.28719 
380748.10803 4432377.73451 4555198.28719 
380768.10803 4432377.73451 4555198.28719 
380788.10803 4432377.73451 4555198.28719 
380808.10803 4432377.73451 4555198.28719 
380828.10803 4432377.73451 4555198.28719 
380768.10803 4432377.73451 4555198.28719 
380768.10803 4432397.73451 4555198.28719 
380768.10803 4432417.73451 4555198.28719 
380768.10803 4432437.73451 4555198.28719 
380768.10803 4432457.73451 4555198.28719 
380768.10803 4432477.73451 4555198.28719 
380768.10803 4432497.73451 4555198.28719 
380768.10803 4432517.73451 4555198.28719
