316176.06081 4419982.11742 4572958.21234 
316196.06081 4419962.11742 4572958.21234 
316216.06081 4419942.11742 4572958.21234 
316236.06081 4419922.11742 4572958.21234 
316256.06081 4419902.11742 4572958.21234 
316276.06081 4419922.11742 4572958.21234 
316296.06081 4419942.11742 4572958.21234 
316316.06081 4419962.11742 4572958.21234 
316256.06081 4419742.11742 4572958.21234 
316256.06081 4419762.11742 4572958.21234 
316256.06081 4419782.11742 4572958.21234 
316256.06081 4419802.11742 4572958.21234 
316256.06081 4419822.11742 4572958.21234 
316256.06081 4419842.11742 4572958.21234 
316256.06081 4419862.11742 4572958.21234 
316256.06081 4419882.11742 4572958.21234 
