195231.61379 4606966.70904 4394642.77560 
195251.61379 4606946.70904 4394642.77560 
195271.61379 4606926.70904 4394642.77560 
195291.61379 4606906.70904 4394642.77560 
195311.61379 4606886.70904 4394642.77560 
195331.61379 4606906.70904 4394642.77560 
195351.61379 4606926.70904 4394642.77560 
195371.61379 4606946.70904 4394642.77560 
195311.61379 4606726.70904 4394642.77560 
195311.61379 4606746.70904 4394642.77560 
195311.61379 4606766.70904 4394642.77560 
195311.61379 4606786.70904 4394642.77560 
195311.61379 4606806.70904 4394642.77560 
195311.61379 4606826.70904 4394642.77560 
195311.61379 4606846.70904 4394642.77560 
195311.61379 4606866.70904 4394642.77560 
