195350.71628 4605201.94713 4393683.09804 
195370.71628 4605201.94713 4393683.09804 
195390.71628 4605201.94713 4393683.09804 
195410.71628 4605201.94713 4393683.09804 
195430.71628 4605201.94713 4393683.09804 
195450.71628 4605201.94713 4393683.09804 
195470.71628 4605201.94713 4393683.09804 
195490.71628 4605201.94713 4393683.09804 
195430.71628 4605201.94713 4393683.09804 
195430.71628 4605221.94713 4393683.09804 
195430.71628 4605241.94713 4393683.09804 
195430.71628 4605261.94713 4393683.09804 
195430.71628 4605281.94713 4393683.09804 
195430.71628 4605301.94713 4393683.09804 
195430.71628 4605321.94713 4393683.09804 
195430.71628 4605341.94713 4393683.09804 
