195450.71628 4605201.94713 4393683.09804 
195449.19387 4605209.60080 4393683.09804 
195444.85841 4605216.08927 4393683.09804 
195438.36994 4605220.42472 4393683.09804 
195430.71628 4605221.94713 4393683.09804 
195423.06261 4605220.42472 4393683.09804 
195416.57414 4605216.08927 4393683.09804 
195412.23869 4605209.60080 4393683.09804 
195410.71628 4605201.94713 4393683.09804 
195412.23869 4605194.29346 4393683.09804 
195416.57414 4605187.80499 4393683.09804 
195423.06261 4605183.46954 4393683.09804 
195430.71628 4605181.94713 4393683.09804 
195438.36994 4605183.46954 4393683.09804 
195444.85841 4605187.80499 4393683.09804 
195449.19387 4605194.29346 4393683.09804 
