195330.88017 4606719.72910 4394642.77560
195330.88017 4606739.72910 4394642.77560
195330.88017 4606759.72910 4394642.77560
195330.88017 4606779.72910 4394642.77560
195330.88017 4606799.72910 4394642.77560
195350.88017 4606719.72910 4394642.77560
195350.88017 4606739.72910 4394642.77560
195350.88017 4606759.72910 4394642.77560
195350.88017 4606779.72910 4394642.77560
195350.88017 4606799.72910 4394642.77560
195370.88017 4606719.72910 4394642.77560
195370.88017 4606739.72910 4394642.77560
195370.88017 4606759.72910 4394642.77560
195370.88017 4606779.72910 4394642.77560
195370.88017 4606799.72910 4394642.77560
195390.88017 4606719.72910 4394642.77560
195390.88017 4606739.72910 4394642.77560
195390.88017 4606759.72910 4394642.77560
195390.88017 4606779.72910 4394642.77560
195390.88017 4606799.72910 4394642.77560
195410.88017 4606719.72910 4394642.77560
195410.88017 4606739.72910 4394642.77560
195410.88017 4606759.72910 4394642.77560
195410.88017 4606779.72910 4394642.77560
195410.88017 4606799.72910 4394642.77560
195450.88017  4606739.7291   4394642.77560
195544.0653352578  4606791.492909021   4394642.77560
195697.29033151377  4606939.7291   4394642.77560
195775.14423871192  4607163.993168712   4394642.77560
195750.88017  4607432.549423028   4394642.77560
195609.6992151025  4607705.654926289   4394642.77560
195350.88017  4607939.7291   4394642.77560
195300.88017  4606826.331640379   4394642.77560
195209.45881376267  4606881.150456238   4394642.77560
195004.4700084862  4606939.7291   4394642.77560
194771.32467422655  4606895.020527062   4394642.77560
194550.88017  4606739.7291   4394642.77560
194384.9543437109  4606398.548145102   4394642.77560
194311.64968545866  4606039.7291   4394642.77560
195300.88017  4606653.126559622   4394642.77560
195299.11636097947  4606546.543934742   4394642.77560
195350.88017  4606339.7291   4394642.77560
195506.1715970615  4606160.173604227   4394642.77560
195750.88017  4606046.908776972   4394642.77560
196057.98695118653  4606032.622318814   4394642.77560
196390.11065454132  4606139.7291   4394642.77560
