195331.61379, 4606726.70904, 4394642.77560 
195330.09138, 4606734.36271, 4394642.77560 
195325.75592, 4606740.85118, 4394642.77560 
195319.26746, 4606745.18663, 4394642.77560 
195311.61379, 4606746.70904, 4394642.77560 
195303.96012, 4606745.18663, 4394642.77560 
195297.47165, 4606740.85118, 4394642.77560 
195293.13620, 4606734.36271, 4394642.77560 
195291.61379, 4606726.70904, 4394642.77560 
195293.13620, 4606719.05537, 4394642.77560 
195297.47165, 4606712.56690, 4394642.77560 
195303.96012, 4606708.23145, 4394642.77560 
195311.61379, 4606706.70904, 4394642.77560 
195319.26746, 4606708.23145, 4394642.77560 
195325.75592, 4606712.56690, 4394642.77560 
195330.09138, 4606719.05537, 4394642.77560 
