195311.61379 4606726.70904 4394642.77560 
195318.02540 4606729.56367 4394642.77560 
195330.39865 4606747.57175 4394642.77560 
195331.13299 4606786.78297 4394642.77560 
195299.87585 4606838.38805 4394642.77560 
195223.88397 4606878.66154 4394642.77560 
195305.93579 4606730.83434 4394642.77560
195284.15372 4606732.54586 4394642.77560 
195249.82864 4606713.57620 4394642.77560 
195220.76590 4606660.70419 4394642.77560 
195223.88397 4606574.75654 4394642.77560 
195310.88017 4606719.72910 4394642.77560
195320.28899 4606700.00952 4394642.77560 
195353.87973 4606679.76795 4394642.77560 
195414.19961 4606681.03489 4394642.77560 
195487.07342 4606726.70904 4394642.77560 
