195330.88017 4606719.72910 4394642.77560
195330.88017 4606739.72910 4394642.77560
195330.88017 4606759.72910 4394642.77560
195330.88017 4606779.72910 4394642.77560
195350.88017 4606719.72910 4394642.77560
195350.88017 4606739.72910 4394642.77560
195350.88017 4606759.72910 4394642.77560
195350.88017 4606779.72910 4394642.77560
195370.88017 4606719.72910 4394642.77560
195370.88017 4606739.72910 4394642.77560
195370.88017 4606759.72910 4394642.77560
195370.88017 4606779.72910 4394642.77560
195390.88017 4606719.72910 4394642.77560
195390.88017 4606739.72910 4394642.77560
195390.88017 4606759.72910 4394642.77560
195390.88017 4606779.72910 4394642.77560
195450.88017  4606739.7291   4394642.77560
195548.41783811903  4606771.015993008   4394642.77560
195731.30277651804  4606863.33589775   4394642.77560
195885.484084513  4607012.123399843   4394642.77560
195998.09376549994  4607209.957301834   4394642.77560
196057.98695118653  4607446.835881187   4394642.77560
196056.22247275096  4607710.54949325   4394642.77560
195986.46686963536  4607987.138233864   4394642.77560
195845.3073609999  4608261.419526072   4394642.77560
195632.4622070724  4608517.568113071   4394642.77560
195300.88017  4606826.331640379   4394642.77560
195225.01609179002  4606895.158292292   4394642.77560
195053.62223980902  4607007.381342543   4394642.77560
194847.67782923274  4607066.512521009   4394642.77560
194620.0438038859  4607065.118414461   4394642.77560
194384.9543437109  4606998.548145102   4394642.77560
194157.45389555805  4606865.163255922   4394642.77560
193952.79882134357  4606812.99943874   4394642.77560
193785.8440088259   4606755.387805308   4394642.77560
193670.43540230504  4606550.791409181   4394642.77560
195300.88017  4606653.126559622   4394642.77560
195279.20658009092  4606553.0130147   4394642.77560
195267.71549367288  4606348.470059707   4394642.77560
195319.47859625422  4606140.551379147   4394642.77560
195434.50294061413  4605944.111583705   4394642.77560
195609.6992151025  4605773.803273711   4394642.77560
195838.96414169096  4605643.474550829   4394642.77560
196113.37481902103  4605565.590304877   4394642.77560
196421.48914017415  4605550.697379236   4394642.77560
196749.74290062254  4605606.952396111   4394642.77560
